width: 752
height: 480
fx: 454.0643015146841
fy: 454.0643015146841
cx: 368.6341361999512
cy: 223.23332405090332
