width: 752
height: 480
fx: 470.0
fy: 470.0
cx: 384.0
cy: 240
